-0.28006044928549672645701207329694	0.36724396357709032656657655024901	0.88695998554737132124614618078340
0.59634125372527679864731453562854	-0.65748823728419714118587080520228	0.46052831285197237676243275927845
0.75229200039038701675053744111210	0.65790659599148870739782068994828	-0.03486627452886002093146444735794
-0.08925869669915434401197273928119	0.31829542774459945730924914641946	1.47287692790086510719049783801893
919.03964158553264951478922739624977	919.29734301456619505188427865505219	627.82012980290346604306250810623169	354.37377177285043217125348746776581
500
0.06085332126494646942660438071471	0.60994312881256140812524790817406	0.03709655990944631803740705322525
0.83325075346998433989398336052545	0.69864295998669689868876275795628	-1.11220041400950631071964380680583
1.09424818417247138313541654497385	0.19837638356548287221770010546606	-1.00215183105681826525312771991594
2.63095460951007309446936233143788	-0.27398161421474320764701815278386	2.13146531699273111826187232509255
-0.09586605207669081363253127392454	0.88106628640849182776406678385683	0.71686744552616099568354002258275
-0.44198599898553281306590179156046	0.34298528857872967456899004901061	-0.62097660626920070381373761847499
0.79536333756889410206980528528220	-0.94059088621110753525300651745056	-0.32206109613561428872685610258486
0.12609057171886378645453419267142	0.96858865002548943934357339458074	0.08548163387574371496757663635435
0.05175276151123071183279833462620	1.67228605581731448737059508857783	-0.09380854656140320824153633338938
0.43882703632267916482589953375282	0.83958729569023582417486295526032	-0.12130727349538231174541635937203
1.15264328666328141892449821170885	1.81135079682967825576156428724062	-0.54843975726395854941586094355443
1.35655521560675307313204029924236	0.54168881375940991507178523534094	-0.87249419484602108720849855671986
-0.17575782912373602573374853363930	0.67891473369854871133810547689791	-0.23114579818884078976637397317972
1.75547475592267976374216686963337	-0.18177728115784066997839829582517	-0.40255031534140967020007906285173
1.90661895973011530358576237631496	0.52283129926690863342741977248807	1.01599409249748151573555787763325
0.30344935718892168674543086126505	0.63527891360174126855753229392576	0.87223767086431469586216280731605
1.19604567122185501126807594118873	-0.09214037558347946965664476692837	-0.21695686614684678295006392545474
-0.10312510227555941877408685058981	-0.10657695443526142564660830203138	-0.22670806406122087639509743439703
0.71179019353533545810819305188488	-1.75237548168714951657420897390693	1.18023351916473484557457140908809
2.66639135496547519110777102469001	-0.37803957465559273609656543158053	1.07451803634763742856250701152021
-0.08181586845033876620458812567449	-0.44728755605831060915278385436977	0.09539484498891036279299981970325
0.11555777761821939275677095793071	1.39373057380270082283857391303172	1.95019169058775698744057081057690
0.69218867661404892555054857439245	-0.80151954177126705225475689076120	-0.37048698621210740533626903925324
1.88788908380077469217894758912735	0.65895796729556288529039420609479	-0.32380475817085607737055852339836
1.48557563085375954337052917253459	1.03563229422719205174985290796030	-0.04089986693676331275248969632230
0.02777212121848087605924249032796	0.00877541909453391673345823420505	0.50518585815646865899708473079954
-0.29597768744287844544516019595903	0.68359444593419926849975354343769	1.44076522222817038354492069629487
0.62343207398003652741635960410349	1.20518659301616160028913782298332	0.08149149125106149027519819583176
0.55487376584569636506216738780495	0.47679056835633060185131171238027	0.08086303559322249867591381189413
0.08139767986275360522885335967658	0.03551808353636836529387821315140	1.06710226404215768880590076150838
1.29988438837275466219978170556715	-0.68104278416984498356612220959505	-0.30765731293882231378589153791836
0.15745866609443054384698257308628	-1.01869356976094471711746791697806	1.80124433660062566175952269986738
1.38807358774430422698742404463701	0.54839960586839431311290127268876	1.25980587251042441820914064010140
-0.54095616941797586285645138559630	0.10649455740826851979363709688187	-0.34899366743419191205788365550688
0.75609760639305856333436395289027	1.61049276815390363104540938365972	-0.09882014376864836635583344559564
0.74795342827751409853220820878050	0.63565719236718476459202520345571	-0.29975277225200125386095351132099
0.59921174404976984551041141457972	-1.36036851820279847125050309841754	1.80697781696450476829340914264321
1.02343920111133979133910543168895	0.24812431539545948266933805825829	0.41983624255207002695655660318153
0.53564005674843018223185708848177	-0.92254153203940603145127852258156	-0.17521162940572754251888909493573
0.06817079663941870426580038611064	0.92292814460866001713412742901710	1.07654379535233490905454800667940
0.02548960407050266524509041232704	-0.64746526563640649509778768333490	-0.11267695259550759845357248423170
-0.66399028585177544137252425571205	0.57426017224522485360438395218807	0.13296936671787876194095190385269
1.53083525023232169814946246333420	0.85017382548407116615862832986750	-2.13314486497648569951479657902382
0.26820645331273884615086444682674	-0.24017682216853178389648348911578	0.95110228787322637078460729753715
-0.73505006416583018591381915030070	0.44130835337425194930816019223130	0.42053521057270404348571446462302
-0.05926752604607105068268424474809	0.86720383674555168163067264686106	-0.63876327922817199844729429969448
-0.37505919508725854560893253619724	0.25842669671126328179155962061486	1.38269155131313414841542908106931
0.18202218083704424511637398609309	0.77309973756145522472138509328943	-0.43104052852337571000163052303833
1.96705406155708595328235332999611	0.54863932825671046789040019575623	0.07350193865996713926680428130567
-0.83571418935751728973571061942494	0.78830804773743012869857693658560	1.40400780793590906903034465358360
0.44392855158834942930212719147676	0.39415087975112039764269411534769	0.89331024533595049241796459682519
-0.39711569126978440991138086246792	1.22333178903319872432575721177272	0.17594517112243454604048054079612
0.26834671696617162783837784445495	0.90061710837524278083776607672917	-0.45322630342508241074739316900377
-0.59932900800710486866051951437839	0.23196587154254583174051163041440	0.54451130866063801594378901427262
0.40862807084785207623056635384273	-0.68605079614752351169215671689017	-0.02612600827996910610173664224476
0.75643637395244134324912010924891	0.10334341919146651511685064406265	0.59103076165178525247512197893229
0.64103850580507704126631551844184	3.31526594293584198069879676040728	1.47427695345337106402894278289750
-0.19925216945030604920319206030399	0.09631081615369961601569315234883	-0.69807386665621273813542302377755
0.52607526279537031310695738284267	0.09859186222124853571369129667801	-0.34636649157946008958930406151921
-0.18967744187996399274354075714655	0.73742369248691730376776831690222	0.03044456329146620968129077766662
-0.82899561868597770875055630313000	0.81258579098846706045833343523555	1.91691857577124169509374951303471
-0.49895856164459628789842327023507	2.34352979179362463924007897730917	1.04026336015769715892531621648232
0.73846710574434704099644477537367	0.55602889874545524673266072568367	1.11609710812255569223339080053847
1.00491579750183857022705069539370	0.54995992912619673376184437074699	0.11328538768046057805261028761379
0.37602928597658413778503927460406	1.43339091528681028542280273541110	-0.05080782928842694778914790276758
-0.80554537640585377467061789502623	1.51209550827874172895803894789424	0.72952160672394816831598518547253
1.44197965379910209016145472560311	-0.31350199346395957178401658893563	-1.14691245837278232855283022217918
1.32772654656576261089639956480823	0.63332213608567888840639170666691	0.53740873866341298814575111464364
-0.34199546659223867273169616964879	0.04038090895069218477786421317433	-0.81609746812587602438071598953684
3.45756158717184414186363028420601	0.44628550961055601931093406165019	-0.83737788970703119773020262073260
0.60976832673483927216295796824852	0.35428455292059013448380255795200	2.21102621026001955328865733463317
1.29080457283411687008367607631953	0.22091782030881376708286722987395	0.12339523177014000143714156365604
2.56993629251096455945457819325384	-0.09716386398946945390786567031682	0.05854031214753665363081935879563
0.34126981001924922010104523906193	-0.48495215382653134028601016325410	-0.71956820480759697833406107747578
0.03114754594336594309411658798581	0.57118134692940181196263438323513	0.77743379300019688216139002179261
1.99530812954276215442916964093456	0.51761299257928172767861951797386	0.03876004369827394657743724337706
0.12795904697921015036321534807939	0.48845646150073551705617092011380	2.26107918740353985853630547353532
1.62794011306219421619800868938910	0.70866384438996810057886932554538	-1.24292889429007202828358913393458
0.86488410635279877602954456961015	0.41805616650655269550540538148198	-0.37465849239052240182701325466041
-0.82618950827557147142954363516765	1.59601715082229023145998780819355	1.49284776104048577671790098975180
1.61920150333463097602759717119625	-0.18442815729062067564569815658615	-1.00746671865200965179099057422718
-0.18804021889548094836897007553489	0.18324558601552248804367195589293	1.29765691385432724302972928853706
0.32806209387669066357418046209204	0.94854735215212493404379756611888	-0.11686598247556843899186418411773
1.09131911067123610337148420512676	-0.43991606432306978868851388142502	-0.45309486470179088923870835969865
2.02605546502965871979995426954702	0.36359579398866642696575013360416	0.42583134118636478682162760378560
0.94337075508632928233510028803721	-0.00418091618986328721757628201772	-0.72824408713528820946692121651722
-0.17415416620097534661226745811291	0.11068084606160456806467351498213	-0.80685336449477995657275641860906
-0.19251542251104364344982400325534	0.80503426010693146519514584724675	2.07634230226986726819404793786816
-0.19052629606337520562497900300514	0.11286387721795015925962957226147	-0.84270664430302288927521203731885
0.36569264012900298821406863680750	1.39237204932606162266495175572345	0.35217326129571924209216149392887
1.80851770091296804032765521697002	-0.48248522180455372110330358736974	-0.13991763303410695296058463554800
-0.16254439923283209301629881338158	0.18902992973329846293495393183548	1.86086101881314802675149167043855
0.57295744135781501160664674898726	1.70683626986568426353585437027505	-0.53546949911759622597884344941122
1.65399779090398313385890105564613	-1.36399616142562507548063877038658	0.20922525272173761456961926796794
1.28342835503897112481297426711535	-0.02244933164634762418065960787317	2.37135427189264635927656854619272
0.41633715738222043523109050511266	0.68374279984975705470873208469129	0.63071733371394089751049705228070
0.31506792049627574403558583071572	0.18550002824907302345636139762064	-0.63498311297667664465649295379990
1.03981680697411427161114261252806	1.86820755824746864703911342076026	-0.15934415559888556734868814146466
1.13891250062149396171662374399602	0.37280620478231873970997867218102	0.19537508605615508394670598590892
0.69865204111058354374819145959918	0.26008496420152782402368529801606	1.78865680255257153419279347872362
0.71025817309654215581105063392897	-1.02663384378664890306254164897837	0.47026555008920578604403317513061
0.39836238642157140166233375566662	1.35212437344267932815000676782802	0.71352174087958752934923722932581
0.55311145348055268389231287073926	0.41663279493119842467052649226389	-0.29636077333833826807918399026676
0.17699996674516912942287660825968	-0.81458984557313696139857484013191	2.45781506283968464998679337440990
0.49615754285385427202470509655541	0.74821822491728529058718777378090	1.06275522751644557750694275455317
1.19101462403792446309580554952845	2.24658024361979036243042173737194	1.10397519164974600158757311874069
1.25606595901777362556117623171303	1.54667387338564754628578157280572	0.78457978624543467383034567319555
1.92813812889034941200350203871494	0.44776623678077892565241313604929	-1.18259137208832165732985686190659
1.37612972967072777485952883580467	-0.36869956085439165027750618719438	0.34617676280759412943410779917031
0.15951717158770598037342836050811	0.27264260169659432220257144763309	-0.62199974461433804595600349784945
0.94040719925372073806357775538345	-2.24082402250438583735103748040274	1.26340601547386222058833027404035
0.00384146475388696517078157555147	1.01415666990757569188019715511473	0.40554201822398661114732476562494
0.99265440921959735565138771562488	0.24345616883255286055920407761732	0.21655065045938531875790999947640
1.24084080763281900949834835046204	-1.19922463726670525119288868154399	1.80289800295820490383391643263167
1.26016403270178667384016080177389	1.06768271773563871995804674952524	0.99411468846995598713789377143257
1.33448621637866815525796937436098	-0.08268969992991480333355269749518	0.62221991066528137270807974346098
0.76464407123602162741349275165703	-0.44697932022374531335628944361815	-0.24189655245000837857638487093936
-0.20059659936844581595849490440742	0.18399933748384011966692241912824	0.21382768674578236933747632519953
-0.55476148504721345400270138270571	0.63990761739744095315529648360098	0.69480409319750702223927874001674
-0.25910476236666379890039024758153	1.11223409599042599715801316051511	1.30916120646000777583140006754547
1.03170320255924807817393684672425	1.43867443692122209952799494203646	-0.74014381568009479650527282501571
-0.47983503516797970656071470330062	0.56963724308278451680109810695285	0.44120489903186804747647897784191
0.98366153529869015947895150020486	1.42438538928865843224969012226211	0.16772919514272369156948627733072
1.41424629751564268076435837429017	-0.00734157481310526716100639532669	0.36586756276910326057816291722702
-0.76134217886230159955118779180339	0.57821526650895971322086097643478	1.46642154598758112094003536185483
1.03410244362617809166238203033572	-0.41008775950298315127184878292610	-0.10782675462464853810562459557332
0.41706296516125679341158161150815	1.29627014694241959880116610293044	-0.34423514658168219426670475513674
0.52834159250506673721758943429450	1.09229781736983722062461765744956	0.48683448940430928963962742272997
1.30829175497212024659177131979959	0.60632944572494373858262406429276	-0.80740114611625946050565971745527
1.00857369965475363038365230750060	0.12092085792385039166862981119266	1.81532198136727918047483854024904
-0.13122598444035019071840508786408	-0.40823690872964096820751933591964	0.23593623311687847432516207391018
-0.01357820136720905117300173259309	-0.61703427576440261770329698265414	0.77690607930053123819646998526878
2.20823570915543010428905290609691	-0.47014436472070764150288368909969	0.07178571339120036476355579679876
2.18034917375045367293751041870564	1.01037397812928086970885033224477	-0.35638744712029618577631140396988
0.08309183583636602088429157220162	1.40752957651020560447818752436433	-0.34883681073497746494282978346746
0.02838224653846184095118410084524	0.74585512927733643717687073149136	-0.59582260495956074208834252203815
1.77194278169986518811640507919947	1.14495763847860954065538408030989	-0.55510188937200810599392752919812
0.24773769237637899287562959216302	0.42308634437378223047687697544461	1.37263214990262061299119977775263
0.95354067858371260868466379179154	0.78898699822699847050699872852420	-1.14944494013284459477119980874704
2.23106924580343868314002975239418	0.94699347494832697424982370648650	-0.01122480476559015866167001718168
2.53729323122698469106239826942328	0.41831289899049756142446199191909	2.69919901023063824041514635609929
0.06954779293781933324769539694898	-0.87694082492039260312566284483182	0.48623768555406943203678338250029
1.41045519274954522792597799707437	-0.56821741528918290331517937374883	-0.29327810061988723866477357660187
0.95248694489805296736761874853983	-0.44790825467887801503152900295390	0.28366790275286785094621677671967
-0.48117202686043153425643481568841	0.13654428530016396448054649681580	0.37840122499562461877431474022160
1.46564777624963804569802050536964	-0.54674679860928721009116770801484	0.22539750480774442542575286552164
0.27474464568811474141085682276753	0.32617804456528926015934644055960	-0.44916425879419258349045662725985
0.25119773157016506148764278805174	0.77969679205582187453416054268018	-0.65981629095030203124849776941119
0.29800699748773523678480046328332	1.34835768992346793915260150242830	-0.57620422763282475031587637204211
-0.19752913924708229154170169294957	-0.48836316781273386711248463143420	0.20612135946757398352602308477799
0.40303989050244687364354945202649	1.28292585367379130545373300265055	0.08998600306796079861815229605781
-0.03549922847298252887027203428261	0.11357562951155776576062095273301	-0.23928561680366328134894615686790
2.16042574426403310994260209554341	0.87799549228049156290865084883990	1.65865635201591410385901781410212
1.86478784886429993505885249760468	-1.79815841470713788652346920571290	0.25009064902844363453837672750524
0.37596635353497681597545465592702	1.51496850149779649363779299164889	1.10259843726289785692529221705627
-0.66746330613075455229221688568941	0.77734700259601796634711945443996	1.84316938000968200128681928617880
1.56980422998058077865835002739914	-0.91265526529350693429876173468074	1.30377630559423418610265343886567
0.90954330142183248408827012099209	1.04567045438030326032219363696640	-0.20771013476988123280797537972830
0.24341362242734926324416733223188	-0.19179210747583255725068340780126	0.69851132690711636996638844721019
0.27321485854655208624919282556220	-0.01419328683252567453731973756703	0.32686598748592948782132339147211
2.00225661854634706671163257851731	1.30438707932136632727804226306034	0.07934069266069865289381368711474
2.03237955939581382835967815481126	-0.33286349069820497792449032203876	-1.34028277897863179468629368784605
2.74092185695815393486896027752664	1.30432826848187155555081062630052	0.94598563801330615152807013146230
0.74569334902930584085822829365497	0.57196207446194879953083045620588	-0.41996424209539484628805894317338
0.11484975266846535191245237683688	-0.49454864427730471643229748224257	-0.12817042334329176167528885343927
-0.27076592897811829763199398257711	1.29745982027940431891011030529626	1.26947512242767146517508081160486
1.62170176773869645359127389383502	0.51452733692078922445034550037235	0.32030223456296535999854313558899
-0.09934572893138361726617091562730	-0.62507540692200158627400696786935	0.21594283333178557193754443233047
0.91128317402922220935579389333725	-0.07673515762412294605177009998442	0.93040252623005004206646617603838
-0.20105106055661370323406345050898	0.03161722817051103306962289707371	-0.82831104439542257988904339072178
0.61289531663239127379227966230246	-1.41784679112304901060781503474573	1.85710709569457366185929458879400
1.18489714773494170252376989083132	1.39159562692197091848811396630481	-0.93870055105754668378637006753706
-0.24048016038316982756484208039183	-0.13438439718923758658952749556192	-0.08858538457297808477175493635514
0.80927435166761285678660442499677	1.32381276637893319225725008436712	1.41718650341187646368723562773084
0.26485493208707189261019721016055	0.86405414865304686067304373864317	1.92148674341547920363382218056358
0.18100602622816203135514001587580	-0.72734633316608865438723796614795	1.24118881508010536762753872608300
1.04749407587836596000840927445097	0.20983834636220438651932340690109	1.97581676908996528574391504662344
1.25062142593607439344793874624884	1.28168636576085015477133310923818	0.21606077209494903290654121974512
-0.16831308837204111972241094008496	1.09663963933506614090163111541187	1.13553388431601698371764541661832
1.20956187671677484196663954207906	0.42957248609116704951560450354009	-1.62501130436417295932471915875794
0.37684685433041498203721175741521	0.04190610927044458033918772343895	0.43615830776071679020233773371729
0.39506290111655290031578147136315	1.27938235599800687047888914094074	0.15514719778213950651668540103856
-0.33409783581139651520430788878002	0.55266483256531984125103917904198	2.69998396881913027556265660678037
1.48611542998300416584811500797514	0.62488171723754248887416906654835	0.05251594019977643551522206166737
0.71747135264882999639013405612786	-0.75681317200264452971225637156749	0.94245112538676156788142179721035
2.76546973269946949613995457184501	0.53855791191561441788593356250203	0.93811571386660896898490591411246
1.05432321848226173699458740884438	-0.21673185178749393431374414831225	-0.97725478901656714914025769758155
0.33271686794742710846506383859378	0.98998668648802357061811107996618	-0.08214990816094872028152451548522
0.76173541600574035115300830511842	1.56761840159088827739708449371392	-0.36172829298681746790222746312793
0.17429899648384594712524631177075	0.34336995149876864408255983107665	-0.36227034467037705356418086921622
0.26363071876301591434099691468873	-0.21081599933201253249670514833269	0.04550290851991523055630750604905
0.41657412717655917244741203830927	-0.35180194840277451140408970786666	0.82250643189704764068892473005690
0.37883175878781510936832432889787	0.73738947864886639216308594768634	0.96861147798037150469241396422149
0.23545337128495461009869416102447	0.65957267613006209661108414366026	-0.45417579097797905474109825263440
0.81945020845881655358056150362245	-0.46226443657846721935200662301213	-1.04224800897588232295731813792372
0.40709257893192341004606760179740	1.51722479043572588963684211194050	-0.53362277528263790671303468116093
0.44465194723175321955821459596336	1.21154074287897128847646399663063	1.08708274462808196503260660392698
0.61703405964476543132946062542032	0.27368032113180496001092478763894	-0.17153377531060579053168169139099
-0.03142844166656737214804451241434	-0.58506181661754708134282054743380	0.47024754411950059340696839171869
0.60397128373888586683193580029183	0.39118113647779406694127146693063	-1.50292140858677147896571568708168
1.15947157233323294711624384945026	0.03522061852802549353214089933317	0.25516814945325655417107668654353
0.98886881893655309561097510595573	0.29490274624895812527469729502627	-1.16997088900243295661596221179934
-0.63079516708488614362693169823615	0.34343812119256494908015042710758	-0.36886715548016646426532361147110
0.10629160643986224066281920386245	0.31440002036160025200572931680654	1.71207954231724435167905085108941
0.77731002375706170770541802994558	-1.05324073130225426275785594043555	0.51208031398905562436851823804318
0.31777057923518864379630599614757	0.17885231680606133997102347166219	-0.44678787217309540169551951294125
-0.20789724481514773590795641666773	0.28445463458933584188770282707992	-0.20557202681573161218153700247058
1.37858244103972893412901612464339	1.41615021571238042241702714818530	-0.92970829668711862936447687388863
1.54283593325588941347348281851737	-1.72171159554858088647222302824957	0.32240389638956101769906581466785
0.26387622576595709533719968931109	-1.01857875823338717147237275639782	1.35515674701297150761547527508810
2.37480460223645284401072785840370	1.12761141814646159708956929534907	2.17485579022044328567631055193488
1.38194627340609965671092140837573	-0.37187982841445005322000838532404	1.79207842563380626010882679111091
1.41742551797633331567283221374964	-1.15602905862718641216702053498011	0.14522185728205527777134875577758
0.28885159207379573764740143815288	0.50716967366225296220960672144429	0.28368177784006887165446642029565
0.78668822637240420903026461019181	-0.09902364428866353152081103417004	1.14621034088901141423377794126282
-0.15955081797574521829119476024061	0.74519916677519160153053690009983	0.39539470283100552894239854140324
-0.48496387451891270758963514708739	-0.06345142214132426516925988835283	0.27073568191450059217117996013258
0.28434229111297421033199839257577	0.21505191931666142735046776124364	0.51000238810296572022906502752448
-0.19793411023547635707586778153200	2.12391872878400533863896271213889	0.56090913059061786594128307115170
2.14338253308284887310719568631612	-1.07302763248269994456052245368483	0.16765012990422517580313410689996
0.09936691398118145668316714136381	0.48972376398064260127895863661251	0.39915601202327721797047388463398
0.93359383062721157386931736255065	1.64023183176985520859147982264403	0.99165068739967265898371806542855
-0.14613286961316548917544366759103	-0.23601467229099773459388700302952	0.44595474607825985602360674420197
0.68069961689462099574399189805263	-0.43093353671086948031287988669646	-0.39061376731659758210213340134942
0.16066083716984466689403632244648	-0.77356955124013548896755310124718	-0.01088983465142059556263198771831
0.29195062704543695009107295845752	-0.04074286421174262706745849982326	-0.55487386242963210314371735876193
0.87527132500667681469508352165576	-0.75461781660213778089030256523984	0.91405337305081524323924213604187
-0.03892309254471805479713708564304	-0.26511934913665768931423372123390	0.68775407059603388404411816736683
0.30890937595072115451344529901689	2.78017495164026362530762526148465	0.73126402575723747911951022615540
1.92097483823667425362202720862115	-0.40980089084932913578995794523507	-1.52315316720190230270759457198437
2.43641464013386777054392950958572	1.03776892749863214326921934116399	-0.17057695261288735588678378007899
0.31136275954476566596440534340218	0.06323930636047804532129390508999	1.16729484211670420101825129677309
-0.42538600064138376577460576299927	1.35924569629603797515926544292597	0.87685206199797360859804484789493
1.43288558816101563309075572760776	-0.54140251409480744104740779221174	-0.82361731652172298634440039677429
-0.10914980359208015237015843013069	0.01553681298031269440718116214839	0.61500972162302758317053985592793
-0.47714524658789653210888559442537	1.04160412302957472441278241603868	1.18241341940313704483855872240383
0.72215756638071704198722500223084	-0.26243112932010576043850846872374	-1.23297095828778546788839776127134
-0.14956839363686855182145052367559	-0.69187737173646568500373632559786	-0.02438804886488779230524492902532
1.20960650133169944631106318411184	0.94602035705415876698509691777872	1.01505939412530121757072265609168
-0.26242205739766794048151155038795	1.48589297284487020789356392924674	0.80750869156864490960856528545264
0.72205552265460726246715239540208	0.34883718800082180733213021994743	-0.70576064026402907103374673170038
-0.11224453491861549614405646480009	-0.36523628906419247641679248772562	-0.37998055987197781879771696367243
-0.72200243147073006610980883124284	0.78415248355650235545510895462940	1.37204439247817022717867985193152
1.86665408951293265715776215074584	-0.02666522356379647309965186252612	0.23999617811079262952311808021477
1.40156318821951386688340335240355	0.51081340015747622729236354643945	-1.82266674918124937931906970334239
-0.40716340410610402100743954179052	0.74232997329953565035509654990165	0.04848908231536061541611104530602
0.84608349328347209894474190150504	0.78971236830907420856107137296931	-1.30684730011658656323447758040857
0.47730622096700398016011490653909	0.03733261635517196030953357421822	-1.05582305512202956343514870241052
2.06628903134414398934382006700616	0.03749597980498511895497415480349	-0.42521671923859388764199707111402
1.16691298567226908744487445801497	-0.15896390490426032249260401840729	-0.58326569813152229215802435646765
0.19225743591525526476893048766215	1.52029980294878375168821094121085	-0.17289140995919866083951887958392
-0.18900999092816561653052076508175	1.19436218905133917367322737845825	-0.22774057716016343766440854778921
2.06929101755265998363597645948175	-0.05996957512646230309405481762042	-0.38407454927975437364295885345200
0.09433120990716319098634556894467	0.58128292931912584062814630669891	0.76888624889395185135754218208604
1.01474673608678389591375434974907	-0.42373925909376991549848412432766	1.30689489489849819392475183121860
-0.11873245598167365966180142322628	-0.18430213033060252603156925488292	-0.10119465810250191650787598973693
-0.06708195851456792702105502712584	1.07925674749991862277909149270272	0.45232823737101102157254217672744
0.99183863225327861812274932162836	0.96138308114535586668125688447617	2.18377534722618671381155763810966
2.32324617792278242944803423597477	-0.92748675056568707919524285898660	0.84972094821558818988904704383458
0.91247802513190756634742228925461	0.56803511172120846328681409431738	-0.45357795022700653220226740813814
0.53386787791127099378485354463919	0.89538038696842625618899091932690	-0.71861568464836578229437691334169
1.50625985297047315647489540424431	1.19198917411214000416919134295313	0.21055022857347707732067476626980
1.24941957145408277796150287031196	-0.65974169767296053645821984900977	-0.82916775969184874917061733867740
-0.30366197090319513307576926308684	1.10356087563694615916176644532243	0.56353966019592294234286100618192
1.25279230386777018502186820114730	0.12739470657548740417652766154788	-0.79109815964685392675193043032777
-0.54390466587102836992784204994678	1.06616269732080937160390021745116	0.13930063458091415662387646534626
0.77375852031652059270783183819731	-1.04678719359412886191762481757905	0.38505089148838816948128283002006
-0.18357835255838822474672156204178	-0.02605986154319168968118702878201	0.38995411201984242488549625704763
0.19391011471475672056641315066372	1.26458138910357265061179532494862	1.28554273153670783891300288814818
-0.18699371312403267886281810206128	0.27781744888670217852322252838349	1.30419089717221114987921737338183
-0.38882536697235009492956692156440	0.88336275396490837596985556956497	1.22407083914052772222191833861871
1.63284343999740344521853785408894	-0.03745176764682340425638429337596	0.11141699667130046391694264684702
1.17272059141017193084621794696432	-0.65566373164771440951170689004357	0.32451945228535639120792666290072
0.47621691069216237623962229008612	-0.82369201840154770977164844225626	2.07390163661742432665846536110621
0.03169875910689623488281085883500	0.74126507049302214902297691878630	-0.29140011925536762893429454379657
-0.80598147422363919378796026649070	0.70457903193284454612665967943030	2.30161030025267399068411577900406
-0.08860314459412646503899679828464	-0.47786571316594350644635369462776	1.96178304811679526942214124574093
1.00413289799801774826448763633380	1.00958518917371598000443100318080	0.79246945515779487756446997082094
-0.43783154212660019277691958450305	0.67370532207793520917959995131241	0.96284791623046117603479387980769
0.28235637496836835103053431339504	0.37842965175918491516071640035079	0.84902116247490944100917431569542
0.47525028332692248467239437559329	0.04870746531238306226141432375698	-0.08682984475323889117515108182488
0.56787943573980814715440601503360	-0.32926154656952055788110556022730	-0.70463723804408362472173621426919
1.25411356918590866094120883644791	0.64180589123688924768629249228979	1.07751283590149493640808486816240
-0.36716138723088914685988015662588	0.88329115479243325292912913937471	1.38525698819497966596259175275918
1.33347910655977752725220852880739	0.92533958754171707905555877005099	1.23239636205274538660603411699412
1.73443053522460211013367370469496	-1.73463278225359185391596383851720	0.97221815319194193616425536674797
-0.27803013430155382179620460192382	-0.38311025300558865236411065779976	-0.51899673157220260755195795354666
0.10779497298455464893152111471863	1.23257202128048093392465034412453	0.28496418288833536003323843033286
-0.59119197247332055944468720554141	0.47575129142686173322474019187212	0.28443490898706991210076466813916
0.45432782825723250219596138776978	0.02520743364002116584932089438098	-0.60393791290112519565269622034975
-0.37868908614701851655937048235501	0.17698844367738147953517113819544	1.15442661651698874614169199048774
1.73964802205066448870240947144339	-0.59722336230022987635379649873357	-0.44447061077733962530800226886640
0.47656507496162059389632759121014	0.66363203734194697869241963417153	0.14777426807667154440295576023345
0.82127413230547496869604628955130	0.56280653844959616094456578139216	-0.67933954428220788557268861040939
1.13799315915140830668406124459580	0.98183469391485733712698902309057	-0.17993980885726792995349399006955
0.83432034179818659325178487051744	0.09652169006723075594944560862132	-0.68809043884933063228714900105842
0.45147275117484664264111415832303	0.79277249252370862730998624101630	0.72255320198351080662746426241938
-0.18908037587602424811628054612811	0.98940771470237931506375161916367	0.84865167678315789334675400823471
2.08644023891426755312750174198300	0.79403455358980434830584727023961	-0.74726513226323332261813447985332
1.32381999281364359788426554587204	-0.00072667314875858037784978060714	0.28594596143493672402158267686900
0.80322528477772836552617263805587	1.19752296971254512669702307903208	-0.23761196415269031367856200631650
1.86569958533324897764771321817534	0.72483106524916385282608644047286	-0.77134044756015907040591628174298
1.34937362405874616833045820385450	0.12980889848194746005738409166952	0.68559822543791615334640709988889
0.10855563140499842333941415972731	1.02758843211031059006188570492668	-0.42403887870259332482092418104003
0.71661966125522302828443343969411	0.51543233333262850059952597803203	0.46121009787909506005831872244016
-0.14482462905915241546672689310071	0.56940398729607277772402085247450	-0.26575816172982524854262464941712
1.08149276975353503260635079641361	0.63669172250351768749254688373185	1.02028156115941670556424014648655
0.54798946757078725866563218005467	-0.32125570604734221547005290631205	-0.22154907368769979902900502111152
-0.38464920322882278913567688505282	0.65289855548289588149657447502250	0.72254485857478800703290744422702
1.00163692875618215438748848100659	0.00372306254160778993950176030125	-0.16963269300872801936819200818718
1.54235530169248979959206735657062	-1.31769441305292978050545116275316	0.56635376478170551539648158723139
-0.45913522716138038815003596937458	0.82803143647894994483493746884051	1.07826852179364518491411217837594
0.05724078487544415755339244356037	0.07797246622851684849653253195356	0.30525085415917591058487801092269
0.75296228155894784350721238297410	0.26433311774065565424862711552123	-0.16046151101609829048300071008271
0.47951473690230628221797815058380	0.90016141072138211587372325084289	-1.13427926252375566029684250679566
0.96003136766592445106027753354283	1.14675900343809744619250068353722	0.55601980493649472148121049031033
-0.25576756156607349801390682841884	0.60409401596911027620961931461352	0.11964240281099462748226613939551
1.25974298498663395129426589846844	0.30903775036083686034160677991167	0.74459130994036937245539320429089
-0.08072957167042942028256646835871	0.75118456580996162408325744763715	0.40687584216138400483586679001746
1.44022330173698431821094345650636	-0.18373430303568938359859430420329	0.29143885451476059245123906293884
0.05085791294766039971619875359465	-0.25250734453114592747979827436211	0.92065329830839059965796877804678
-0.65090820232503998621353957787505	1.32270548828257572537836495030206	1.49455133475101908935300798475510
0.14520827017730894570313182612153	0.13463814360234857558928922571795	0.04615863511440242150651869224021
1.84330224085034721781539701623842	-0.40842763269753346033752450239263	-0.07191542280312390733598704173346
2.02720957461981399205797060858458	1.65189373881993684101132657815469	0.76793487936014781514160176811856
0.11726524489776078696845473814392	-0.22108896199302296992073024739511	0.32312734744692761523765511810780
-0.34484752723600681223459218927019	0.39189942572686076172061575562111	-0.32590481552154776379026657195936
0.17757398947336458516765844706242	-0.49813940832549863380052102002082	2.11331279106850011828555579995736
0.93849535644375026155472596656182	0.01740541802007539162744365057733	-0.61972601574811514435481285545393
-0.68074922390416725548334397899453	0.52305444990355154377681401456357	1.42320581578604365979856538615422
0.37686958969593770119033138144005	0.21450389332781161222385435394244	-0.09552114094435301683283512375056
1.19038080099214194085277540580137	-0.54892366740556153281715978664579	0.14475863442700701022580744847801
1.00707997062697018897381440183381	0.52626379775665999005695994128473	1.50507802936929113712949401815422
0.48221152034760517146594338555587	0.64343097804474569390009719427326	-0.35860840291357409803651989932405
-0.06829838531554230374176484019699	-0.75072882382267103196227253647521	0.58848869887982113713320586612099
2.16636679061943748791918551432900	1.30107448010374460167781762720551	1.43785783669539979356954972899985
2.09122246672518796728468259971123	0.12945243370551948181024215500656	1.70729684142881721342632772575598
0.05024904714602410754631378608792	1.08778170641693949782791150937555	1.63151765991201203043203804554651
-0.16922070158485880142507085110992	1.44262500438057617024867340660421	1.69235078815636397209232200111728
-0.10700455538200606686594085203978	-0.20586042061050166540603356679640	-0.45438648465069902959712067058717
1.86934505992402577589928114321083	1.62447356762009387232126300659729	-1.05273525638770726331472360470798
0.61923430078264540821209038767847	0.31602681069901639165919959850726	0.30864195073505396038626713561825
1.63230591652560308446595627174247	0.73650143452749849970473405846860	1.65134452487509952867128504294669
0.02539871327050332097674534281850	0.64399517624961566397701062669512	0.32395929462896916328773500026728
1.08441910325368584544492023269413	1.61341641971346305695078626740724	0.18718118360776295205916142094793
-0.91816670066943251171664996945765	2.22640199904753366411114257061854	1.30585494593132023233295058162184
0.11907917401963720449575845350410	0.23699369158871977369962280590698	-1.17127098367058413153074525325792
0.46714976850183559387019727182633	0.33483607515885804861710539626074	0.34444137718794370917052560798766
2.24700722482794823520180216291919	-0.19973636637176661601245086785639	0.16556798732303276699973082486395
0.30764638541051869680131858331151	0.44684894313227196960269793635234	0.35491019173520216289929862796271
-0.41587141757848372636274802971457	-0.06089263184236787945780022823783	-0.74150095985324482317224692451418
0.11102224287841923333619575942066	1.04552788208884317455726886691991	0.17809656941509383054622617237328
0.85056249714573572973108639416751	-0.60991936269610613763347828353290	-0.18208720915801213102724886994110
0.07070407392230597387605683934453	1.72495107509201295314937851799186	0.11011456143058666323764072103586
0.49883127728921788923699409679102	0.69236571344992314802624377989559	0.81197482920358210467526305365027
1.36320789100570793905831123993266	-0.79879103563314401981187984347343	0.48104212212196378883888314703654
-0.13625838420426883423886010859860	-0.12735027702370640967366455242882	0.76355214805221072182916941528674
2.11027782357564941406735670170747	0.94687675499955414881725346276653	1.67074064959289469989300869201543
0.63191143440750108251080519039533	-0.06738004075381495705521217587375	-0.86914512201977212058068289479706
0.03810758464578578585957302493625	0.22584463188659986698780812730547	-1.20986840230205738855318031710340
-0.01774100590053363443732159510091	0.53297762397294701219863100050134	0.54066738718429219190397816419136
0.72746857122053498745373190104146	0.04872561528353906018518060250244	-0.73944334281435863953646503432537
0.67573717178712233710768941818969	1.23002994578179358775571472506272	0.22452145360227365733507554068638
0.74444048264477147291984238108853	1.28226101454294716397441789013101	-0.51079925028306061296490270251525
-0.38014628200326311402434953379270	-0.09068265123965428553542977851976	0.64887001711021652372579637813033
0.51390741170387133074370922258822	1.04532599078999255404198720498243	-0.99710306615220478665406744767097
1.33037597951922759165199749986641	-0.03193445587083788145266183278181	-0.26770342619543230355816376686562
2.10508016536410824670610963949002	0.72726550024029090746324754945817	1.56371683252923343587781346286647
2.46845432743263248909215690218844	0.00009138232132270366085604468287	0.04921676590311295507174094154834
-0.05751021648907948813356227901750	0.04173501580151875445245934770355	-0.24586372716480908717784359396319
0.09078634910740900065828640208565	1.69119429338146520791497096070088	1.46639406309158171204387599573238
1.30400707214297573166561505786376	1.46874425739081049258061284490395	0.81800937691479480573519822428352
1.12317887958951478921676425670739	-0.34430501180346151368638629719499	1.52980206023352161004424942802871
-0.19148431546072428033333778785163	0.49778149631068546732137747312663	1.74085080370184241971287519845646
0.44099535529213534923442807667016	0.20052374436714232031064852890268	0.68583570203750254812291586858919
0.72676519042389975400197954513715	0.00087264566794950269249669938532	-0.83930235558523458294644115085248
0.62152401057822981300660103443079	1.74231620997131519956724332587328	0.32757599855031122038084845371486
0.27475921864906771574510457867291	1.06888416483465631401372775144409	0.07766341367087156721815688342758
0.78277302583751906528419794994988	-0.38454029278186324658506123341795	1.09228977657297154912896530731814
1.40762270400695843619587321882136	-0.47926082780231804569837095186813	1.27249228024692673244544494082220
0.58053322466455348216385345949675	0.82814176456636234835428922451683	-0.47657620533481348523707765707513
-0.23839307202533183138726258221141	1.56273460215151716035109075164655	0.54101135012855106065643440160784
1.71341354570924675471133014070801	0.01586337155710962690258192253623	0.73873119284071764312216146208812
0.76588815269263421647849554574350	1.38653827353420422419105761946412	-0.24013681468843853239469865457067
0.18387591365063649107014498440549	1.13713257046468108057979407021776	0.17275464376938698407570882409345
-0.06074051879247920060489462912301	0.10538658481183681148163344687418	2.37285143783382812543436557461973
0.39320351505422745930218297871761	-0.51231703836230746418323178659193	-0.26403571799078950910200092039304
-0.24287913030697644289901404590637	0.74808094005265002301996446476551	0.06618441684109233058563859231072
1.96484918587902113173981888394337	-0.00107859197100532719706955653294	0.39304886328619453861321630938619
1.20312677259841072086032909282949	0.62774373562048479957553581698448	0.98425181242449943930239442124730
1.33340922587866983484161664819112	-0.24263111857356275957720015412633	0.46028854213682690588171908530057
0.40429441604704940971259929938242	1.64986023564955419651312240603147	2.20788721194539272474344215879682
0.65471073612430341626122753950767	0.16201306056489514495488890588604	-0.63557299129751676503019552910700
0.92783048427400571789291916502407	0.80436502265114173670923491954454	0.92246941799332204947603486289154
1.04224456868001635889697809034260	0.38752820310198299313952929878724	-1.21441056879273867608048931288067
0.60319752236916424070756193032139	0.49537617024444291491391823001322	-0.65507573843450705997071281672106
1.02311538671522428423088513227412	-1.07507209469172493321309502789518	0.52678981739670138750852856901474
0.66880069006629516703554827472544	0.37788384143614922594522909093939	0.19232162876399702677865377609123
1.80287475310409250894849719770718	-1.01252617943072209527599625289440	0.09253380472910546772347117894242
-0.17909029119973032817547675676906	-0.65960556956418081586690504991566	0.03720121670133220287413067239868
-0.37046169903054798622221710502345	0.54036194419725713800062294467352	-0.55979557337661223215263817110099
0.45135176256232723002170814652345	0.09666317647595495943235732738685	-0.56946528155320919051263217625092
0.21324593285722925894987156425486	-0.07354948519890643077179248621178	-0.10907457831963354721871439778624
0.77994800406984965412959809327731	-0.11010492518476271139871158766255	1.22552831084852309473376408277545
0.25717130382834313406803516954824	0.43568766116701207469219525592052	-0.95657742557200520217008943291148
1.31099280834335329970485872763675	-0.83410461061875540433874220980215	0.65985459196083173782909625515458
0.34563806720096867941549589886563	0.08859075305961018609313128990834	1.80768317096105191055244176823180
1.05335656563271684582616671832511	1.21465941306969371638047050510067	1.66423356193262073077221430139616
1.39287344421993952714444731100230	-1.38223602172692672240827960195020	-0.06794312532707905138984472159791
1.84113991204962501591069212736329	0.21796138754283606031592057661328	0.88069015147624241102164432959398
0.15386116097168844873976922826841	-0.42102269825080801401995245214493	0.15290581742224557126874628920632
1.03500206134711714156537709641270	-1.29660730461379669620214372116607	0.94675540627924692493877500965027
-0.27238990288853093257870341403759	0.37903756143211064788545172632439	-0.73229365297531878731263077497715
0.97927325061635872582854744905489	0.67575529294906477861815119467792	-0.43716871631981951695777866007120
-0.35341627829089450330002364353277	-0.07115092767992893529882536540754	1.25108325113765328495674111763947
0.62612579764601428156112206124817	0.15024232035422338538133146812470	-0.75892934423121505282949783577351
0.58303348756008666065042689297115	0.13883534186221407891181911509193	-1.07475959111067709272901993244886
0.68579719278670459026159278437262	0.85219142163650640764416266392800	0.69164168625599575790374728967436
0.74590408099027027954974755630246	0.85244454501793054390645920648240	0.84977707886531750336445156790433
0.60787714670014969531308679506765	0.42735959610964169286262404057197	0.24394466630924324657136992300366
-0.16265403285677562661426520662644	0.82328186694461014116797059614328	0.34134324406415356145672035381722
0.58694140352818335859552689726115	-0.16353340684453782083451756079739	0.01012325196725791763563417902105
0.21768459655459790336173853120272	-0.39303604278091258672489516357018	1.08787936805902707426696451875614
-0.05112947571570293503473436658169	1.25757560230633402831301737023750	0.72379823116230779245228177387617
-0.35036613153847018242714739244548	0.70402284714305674029333204089198	1.18674478202581901165046929236269
0.08680153747103497297032959068019	-0.98292759982410138341890615265584	0.82602649028546626386315665513393
1.01977129700856417038323797896737	0.00088077568520930691990666883129	0.01407905234985142722825557370925
-0.47279356902015057251276175520616	0.43897392339982743703075129815261	1.10138234222971886921982331841718
0.40530082090983116094307092680538	-0.28804516122266299316123649987276	1.10907288992758124024362587078940
-0.18179290884264917571577768740099	-0.54341838289392940808397725049872	0.36105165161615987434728936023021
1.11381178822142690165719614014961	-0.59160201109483334658278863571468	1.44055415102182182707224455953110
1.68281129356120384699124770122580	1.13852173748885299175981344887987	0.95751816221186802913223345967708
0.80624259062066705450178005776252	-0.38459491234627440903182105103042	1.24767224885809802081837460718816
-0.88688380083926066088650941310334	1.03575847241442353663387621054426	0.93319168893367687722673053940525
1.22168440948684553504222094488796	-0.83906035636494380458572095449199	-0.70751337509857925578415915879305
0.69409715699478979900050035212189	0.56764311029875813563450037690927	-0.26682634942482658102491654972255
2.11458971687156838115129176003393	1.29689936799845062509461968147662	-0.48161153875951367986374407337280
0.70880365435852643596348343635327	-0.10514050338422487040901387445047	-0.38300461050974698995474909679615
-0.02014492440073861051486048268089	0.35911701020672837092462259533932	0.40355034951988683067369834134297
0.39687822477737816351250899060688	-0.30269066754131934704474815589492	0.24419022317773886321390364173567
0.63489429982283029918477268438437	-0.56335188935696134393538159201853	-0.39734728711279615476215099079127
1.17283813419639848518727376358584	0.11100218401716986649230278771938	-1.86733941466838038181208503374364
-0.25370226106041798841417289622768	-0.34463935293143538318716423418664	1.20704183684923149755263693805318
-0.32303652700736512626278340576391	0.33816828667163018051766698590654	1.62475846716313343520710077427793
-0.53830974533062825315710142604075	1.30276100588714438544002405251376	1.08409093635553221979250793083338
0.00639211461486608682053267571632	1.15333247486418333238589184475131	-0.18805216568394264586849828901904
0.21825210883670334571782234434068	0.83865933595962305346915854897816	-0.11753327435748056606357181408384
1.45734693770316892091898353100987	0.45703690909352157056844134785933	-1.56564451928944259329057331342483
0.44115011557340927383918938176066	0.87547829322641312899122567614540	-1.08923439557990087145356028486276
0.62843301125380757188310099081718	-0.27896959001172155767633853429288	0.98449362369956749940769213935710
0.04269139301181654189143444000365	0.31370771566178073941344450759061	1.64900297908995452367264533677371
-0.08909905445201887763673198605829	0.45297719127685615037037791807961	-0.65333216776094560351850759616354
-0.02066013964983157147337067272019	0.53411389306270762311612543271622	0.80853374761889462707387110640411
1.24051555645908373470831520535285	1.06034034489179118665447276725899	-0.69433948679657597757852727227146
0.03736806178980743575746004125904	0.37654484730843379436393547621265	-0.57468826482452195492101054696832
0.69649221993193111135411754730740	-0.40603601251300663887988662281714	-0.71975386091997872739511876716278
-0.18805993409931828774794837499940	-0.58378079394525039802488208806608	0.69995045377638287487087609406444
-1.08306634124054923518087889533490	2.15208613736914156078228188562207	1.63970782665388581378351773309987
0.44165949206608656751882335811388	0.00871169705990353614166732398871	-0.04143599065046162793768402821115
0.64814017977528393110731030901661	-0.65117015597887650812936044530943	2.40937858495936607639009707781952
0.27726461976992483604576023026311	0.52597208474178291925937855921802	-0.18793766378974061104223380880285
0.01210406037875895457478492289738	-0.84552233937660259410762364495895	0.11317537436940953987640767763878
0.71949247421390483125946957443375	0.49771814998795183004887121569482	0.75208615726967886772058591304813
-0.35134193367128613294525507626531	1.15915059189735525357889400765998	0.49531485837074845646199605653237
0.49544762980269019259083052020287	-0.11392440838594714014320175010653	1.45441815738370805455303980124881
-0.47172144306891350407084928519907	0.19432758192975374544886335570482	-0.14425519647653117782937215451966
1.04269283817659452751058779540472	0.62016455911595425032345474392059	1.40272734378663188614666523790220
-0.74881729439264888004146314415266	1.56517644838109148963667394127697	0.95596435349783959178893155694823
0.90312796076932588817953728721477	-0.00328754910682058131346505724935	-0.52931362741053866738383248957689
0.29075641993111062122423504661128	-0.29962127780286107459062350244494	0.00420250537496172880957967521454
1.67706787253328148956654786161380	0.66572287822738707152581127957092	0.85736590984658989089695069196750
-0.64565136415023116622791121699265	0.97983083672289306154112864533090	2.15437284988545574293539175414480
-0.09779016188403986953314728225450	0.89444737426059783835796679341001	1.47874770924285825479671530047199
0.46257397389263998910280406562379	1.08752801503742868582946812239243	-0.13754694205540116125341398856108
1.01477207448556216995427803340135	0.69720203755902476761008301764377	-0.49454435390119094728689219664375
0.86949977305722170317636710024090	0.24923862736412782936668008915149	-0.65782363059892734469258357421495
0.93600309614290244653034278599080	1.04868564777549644340126633323962	1.50573922720349173687282018363476
0.43098275001718455712307331850752	-0.49103289669156452434961579456285	0.63400552736326798441979235576582
0.69226635837525418715188152418705	1.29551587213002838971931396372383	-0.42709419292729400297048414358869
0.77664748608007039276657224036171	-0.81117903004067082317618542219861	-0.34537486197211558769382122591196
-0.46478385265132721171355001388292	0.78284815114662242852006102111773	-0.04536708891059751391772181250417
0.42216165327410681840092365746386	-0.18251494729694550667176144997939	0.90294525366910305397283309503109
0.75708828331798172506239552603802	0.41309615795514520453224349694210	1.70412298349156787757863185106544
0.98005840396614030129995853712899	-0.47453321892537503323694636492291	0.25865801112086017621294331547688
0.62878695623412184101397315316717	0.11833136721814103975436438531688	-1.39051772346580682082617386186030
-0.02208527719508707881646003556853	-0.84045720363150488996240028427565	-0.12079830266273171301971700586364
1.84469067201042968839885816123569	-0.35926898717151006801273638302519	-0.31527067978975420459164524800144
0.50043461601251315595817459325190	1.07437093754958823410561308264732	1.42917171588540092841412842972204
0.21744790037645550517808601398428	0.86298739261650236898049115552567	1.70100690175785151936338479572441
-0.43952551265461614615759344815160	-0.14395709663337047379272348734958	-0.44173346602496738055876335238281
0.45931956996071510168633267312543	-0.64334747766430178117502691748086	-0.35473009640777108941733786195982
1.29051253496578199886357651848812	0.40041924203390139025415805917874	-1.33020279839616906158994424913544
1.01889856897967145954453371814452	-0.25298851600595717581398957918282	0.66114461034100713288097495023976
0.34675918739187472361606978665804	1.98325797279415882989894726051716	1.81216106773525331696816920157289
-0.64421120962326605674519441890880	0.26841792266652869658472013725259	-0.05498767134042302495711140863932
-0.35104002578130283351853790918540	-0.28531552932501785813101946587267	-0.71294584737865995816008535257424
1.26724668077111179975702270894544	2.33390707649711970361749990843236	1.55898195204961442783542224788107
0.84942292076493608465881379743223	0.89454432796163152463719825391308	-0.44830525032079304725840529499692
-0.59470398263816359740729922123137	0.85639074919120761197888214155682	1.15000157344436759743189213622827
2.65383862758943056547877858974971	0.21842652993093025770576787181199	-0.15232457261229015443859680090100
772.98802374217734723060857504606247	336.06322421966848423835472203791142
362.48628056946972719742916524410248	151.83155143449559432156092952936888
258.97652570388800086220726370811462	329.47466787486894190806197002530098
784.31266704188317362422822043299675	1085.27211551647837950440589338541031
1148.65478929459868595586158335208893	445.55989843570029051988967694342136
461.50869981133280361973447725176811	5.69689998669091490768323637894355
44.28423537902526163634320255368948	886.63528894043736272578826174139977
862.29161934708702119678491726517677	256.45274689869978601564071141183376
957.76923049928029740840429440140724	23.93301629343063652299861132632941
708.28884784063529878039844334125519	292.19906790729089607339119538664818
697.95255739629681102087488397955894	131.95212766735036780119116883724928
378.31047112454893976973835378885269	319.01606245509691461847978644073009
734.97083478838840164826251566410065	160.88167530554491690963914152234793
319.80033649643331727929762564599514	608.29675485989912431250559166073799
751.35143617181518038705689832568169	720.84662952242672417924040928483009
1022.54019528766229996108449995517731	623.11972823719543157494626939296722
391.56050685952556023039505816996098	602.83774357354172934719827026128769
425.88284935369392769644036889076233	492.48028416248484973039012402296066
301.67576513528780424167052842676640	2190.23905159856849422794766724109650
563.67542107089184355572797358036041	925.52872647418382712203310802578926
426.17336085545792911943863146007061	852.30644735577072879095794633030891
1558.57735525096518358623143285512924	665.51399904294009957084199413657188
75.63293933439091176751389866694808	808.94078020095730607863515615463257
503.42385530877641031111124902963638	451.37756078491651123840711079537868
650.73701393109877244569361209869385	398.25627342410740538980462588369846
806.33681669756663268344709649682045	760.20125517178530571982264518737793
1553.23264798502736994123551994562149	795.67592720017250940145459026098251
811.82306660336655568244168534874916	286.07410600088047658573486842215061
670.15642006360724280966678634285927	464.67745821490547086796141229569912
1057.06321465230939793400466442108154	973.71585527052832276240224018692970
196.21991408218497099369415082037449	766.36715142656566968071274459362030
1150.20649931898014983744360506534576	2252.31346320815919170854613184928894
879.22679989646428566629765555262566	763.51997617868573797750286757946014
508.57196057170955327819683589041233	197.42737323877824451301421504467726
813.95833795923738307465100660920143	186.36265018477001831342931836843491
573.13148978022024948586476966738701	346.01929911404823769771610386669636
831.25791737747806564584607258439064	2187.28801916374732172698713839054108
660.39918582918880929355509579181671	653.56723513899908084567869082093239
74.17405101066762540540366899222136	959.31115945184865267947316169738770
1226.80256134807837042899336665868759	567.24225664807147495594108477234840
193.81205278262191882276965770870447	874.18000411960156270652078092098236
1061.06496018840084616385865956544876	181.05564712357286794031097088009119
177.37370807285765295091550797224045	52.66888764255539712166864774189889
867.05646989071067309851059690117836	1058.62818107501357189903501421213150
1261.58212445814251623232848942279816	386.12885311234441587657784111797810
609.83438248705579098896123468875885	8.05963523658541802774379902984947
1546.14709462752057334000710397958755	1053.00403532305153930792585015296936
626.22851085102752222155686467885971	167.91549291760992446143063716590405
559.52668517566280570463277399539948	547.45421535342256902367807924747467
2096.49787803902654559351503849029541	720.77418150391577000846154987812042
943.80881567606945736770285293459892	723.50225575136857969482662156224251
1111.93059665567079719039611518383026	71.60174008727219074899039696902037
641.42669263142738600436132401227951	151.11428952095602085137215908616781
1187.34294029557145222497638314962387	625.85461297427127647097222506999969
245.47662742876894981236546300351620	899.95136097359977611631620675325394
714.67330362656196030002320185303688	742.70438568980455329437972977757454
1364.06302136500426058773882687091827	182.86959497756797077272494789212942
290.34366601232835591872571967542171	167.48256271889766821914236061275005
426.07620494047557713201967999339104	455.09478036867034234091988764703274
866.37561283293132419203175231814384	233.42936038959896904998458921909332
2447.97835093637741010752506554126740	1006.02630525021822904818691313266754
1616.58313742417408320761751383543015	34.51215319090616162611695472151041
970.79713383269665882835397496819496	730.00759817100981763360323384404182
642.76223539759439518093131482601166	495.17232941202576057548867538571358
859.41420926626437903905753046274185	160.89898386772946992095967289060354
1648.17176712302557461953256279230118	38.08470043843175290021463297307491
92.23037558270789304515346884727478	458.34206929312898637363105081021786
728.68919406481154510402120649814606	588.03361687347660335944965481758118
187.15083450498858042010397184640169	74.21036967422861607701634056866169
354.20578363769624274937086738646030	497.57742844716091212831088341772556
1334.49446644313434262585360556840897	1126.63637793444377166451886296272278
551.25948018853443954867543652653694	600.94596533050435027689673006534576
423.72531569869750001089414581656456	692.88753051209573641244787722826004
36.21464441499729502993432106450200	522.84768051504067898349603638052940
1065.78458092752748598286416381597519	600.90501713613787160284118726849556
545.88217310887750954861985519528389	548.88134250423308913013897836208344
1618.31447477234814869007095694541931	1167.13673154171760870667640119791031
332.06545573208359201089479029178619	251.57031803794725988154823426157236
491.02041296082194321570568718016148	397.43757888296784130943706259131432
2059.59013113149921991862356662750244	320.57083316090933067243895493447781
174.40544829298565332464931998401880	473.77859458798957348335534334182739
1344.40599988223948457743972539901733	1025.78215868358938678284175693988800
751.45768414430233406164916232228279	245.22562839563056513725314289331436
220.86690247509216078469762578606606	644.03383706476165571075398474931717
595.73099650269091398513410240411758	650.76420764796523599216016009449959
271.79527195989970778100541792809963	428.59882473631034827121766284108162
245.43028506134623967227526009082794	124.62248771224267329671420156955719
1780.15714733947811510006431490182877	977.20661309810498096339870244264603
228.05543472510973401767842005938292	101.99154821790072844578389776870608
970.10157395281328263081377372145653	266.77898603870426086359657347202301
310.05665145639409274735953658819199	742.59698165377733403147431090474129
1627.15325922975762296118773519992828	1278.91849900870488454529549926519394
748.33586126710429198283236473798752	42.26255723947010523033895879052579
145.86314332178989161548088304698467	1136.33227714584995737823192030191422
1110.24591905665420199511572718620300	1217.56459664367889672575984150171280
918.96655071028942529665073379874229	542.35999843330489511572523042559624
358.73011937302118212755885906517506	302.11849110235453963468899019062519
800.78679345302225556224584579467773	175.93187021912405043622129596769810
614.31033456946499882178613916039467	569.61542881404182026017224416136742
1147.52093609667576856736559420824051	1030.23367685941161653317976742982864
316.49849065887900678717414848506451	1245.11032290652997289726044982671738
1060.90223030026231754163745790719986	371.44599843842706832219846546649933
535.02882589289140469190897420048714	376.66500515959694439516169950366020
1590.38081210473797000304330140352249	2348.53619368291629143641330301761627
1048.95034048738307319581508636474609	647.39169104807081112085143104195595
1083.36038503425334056373685598373413	355.65173972721942163843777962028980
928.80612441118216793256578966975212	432.71854867176227799063781276345253
292.43655898312744056966039352118969	342.03522762733575746096903458237648
468.97293576435271234004176221787930	827.94857688381341631611576303839684
398.65059781563053320496692322194576	243.95014838106848742427246179431677
76.47493346913869061154400696977973	2571.03168660217670549172908067703247
1018.23486705333675672591198235750198	316.11826427983947951361187733709812
605.69576092386978416470810770988464	603.18699238426665942824911326169968
723.74032853008554866391932591795921	1644.65689612751884851604700088500977
912.00530326728949148673564195632935	575.51728657534272315388079732656479
612.17126066659363914368441328406334	804.72546398161000524851260706782341
274.09797179373902054067002609372139	699.68306057414622500800760462880135
786.88811296168512399162864312529564	531.45447621493633505451725795865059
1340.55509342306299913616385310888290	465.27099426044054553130990825593472
1504.83166817140431703592184931039810	544.27691238506054105528164654970169
604.79828270786367738764965906739235	134.53139603357419673557160422205925
1136.77774196588347876968327909708023	395.44399047042321626577177084982395
815.23746483948650620732223615050316	309.37441426318241610715631395578384
555.11648319371738580230157822370529	721.67047499886530204094015061855316
2054.31641104098662253818474709987640	920.15270281515051919996039941906929
334.16777997722869031349546276032925	728.24494559963954998238477855920792
743.27048390394566013128496706485748	126.66564651275550090758770238608122
923.26820912621963088895427063107491	397.71301308731136714413878507912159
408.58739846639798543037613853812218	313.39255443847235937937512062489986
1042.99097417056486847286578267812729	1056.94368292860963265411555767059326
533.98528035510867084667552262544632	904.03961096032048772030975669622421
732.58159571965529721637722104787827	1338.08463428299819497624412178993225
360.59978125374988167095580138266087	779.49992158637917327723698690533638
541.35331216904103257547831162810326	406.49466414900365407447679899632931
821.21520156777819465787615627050400	18.58426445294008999553625471889973
578.14709590209247380698798224329948	81.06544063958894241750385845080018
545.84393294114772743341745808720589	316.23891685158804421007516793906689
1190.49802896481787684024311602115631	871.17511838087852993339765816926956
374.42424499222067879600217565894127	149.54578691501518505901913158595562
590.52062519352409708517370745539665	474.39005889977903507315204478800297
983.75732946465450368123129010200500	1016.05773079670552760944701731204987
408.40695262918870866997167468070984	1378.13434011051685956772416830062866
239.84259781433382840987178497016430	732.48406518382591912086354568600655
448.64265984763193273465731181204319	857.08727991034299975581234320998192
973.02539816988337406655773520469666	606.69668195163274049264146015048027
387.85304927427711163545609451830387	853.42420641065666586655424907803535
476.67141091248521433954010717570782	310.04457481128275730952736921608448
543.32830575391426464193500578403473	117.13693630080985030872398056089878
704.29153037071216658659977838397026	30.49536294621509924240854161325842
481.10782918997108481562463566660881	960.39375522196382917172741144895554
867.50468689686783818615367636084557	233.47698089856530145880242343991995
510.58768993438746974788955412805080	399.14787207224804888028302229940891
892.80317736281494944705627858638763	754.43608283643993672740180045366287
27.57227518144600608707150968257338	1297.71095884200894943205639719963074
1201.23983485950884642079472541809082	423.61213317447385406921966932713985
2151.87547034692488523432984948158264	960.70401244273125485051423311233521
592.45521413372216557036153972148895	1255.72193697059833539242390543222427
668.76313394727651484572561457753181	297.30798170208572628325782716274261
775.74494822989720432815374806523323	933.76679716612318316037999466061592
666.62215687594482460553990676999092	702.64885229226331375684821978211403
672.62500122939263746957294642925262	413.68685273293414184081484563648701
86.87750891413735132573492592200637	470.91867112954520280254655517637730
757.83536293100087277707643806934357	578.39175120160541609948268160223961
523.83286552405274960619863122701645	331.42919426839659990946529433131218
279.12201938929598554750555194914341	763.39966223346334572852356359362602
1510.50078290512328749173320829868317	457.82959215421465160034131258726120
629.09787808746818882355000823736191	584.79206718439991163904778659343719
398.56617569544079060506192035973072	1058.89813362116501593845896422863007
756.41473059366353481891565024852753	900.76333234761420953873312100768089
190.12063870540288235133630223572254	133.63234579594603701480082236230373
833.49591783338325967633863911032677	2263.63320594673359664739109575748444
542.33465979102686560509027913212776	130.37572916366025310708209872245789
498.70963710055139017640613019466400	553.46794876411217956047039479017258
1142.20403594301774319319520145654678	580.77395442334034214582061395049095
1438.05517375449221617600414901971817	855.62229303783283285156358033418655
891.43879783224372204131213948130608	1584.49772827914080153277609497308731
1092.65488943910759189748205244541168	1059.97836780200987050193361937999725
769.34305869755189632996916770935059	376.74955667095611033801105804741383
1380.96908988100972237589303404092789	499.55287803523174261499661952257156
170.19694067142606286324735265225172	160.99200006355161463034164626151323
708.14917131691743179544573649764061	717.83029707360537940985523164272308
887.36048443444508393440628424286842	249.06926342686153930117143318057060
2253.63003148571397105115465819835663	1460.45759628123460061033256351947784
599.94954191540512056235456839203835	500.10167942240161664813058450818062
610.52574445310926876118173822760582	1258.54576076437729170720558613538742
664.02728793946187124674906954169273	708.90043611106250409648055210709572
137.76640388875799203560745809227228	434.84992980465960954461479559540749
770.67621126502183415141189470887184	245.19087280068882250816386658698320
742.61664453595358281745575368404388	140.53297392200767035319586284458637
522.61954338932014252350199967622757	312.55783609417096613469766452908516
482.32111020544016355415806174278259	688.04539732650232508603949099779129
740.80139426747030029218876734375954	1046.61081651660265379177872091531754
1050.70737027522250173205975443124771	619.48604250864980258484138175845146
580.27134784752206542179919779300690	203.84385143175660459746723063290119
1.62189139961687756041897046088707	462.27536070206593876719125546514988
735.91488980525673468946479260921478	36.98509987351287264800703269429505
1138.48354821945531512028537690639496	508.48761185289077957349945791065693
530.49967326731450611987384036183357	462.05869657343055223464034497737885
567.88913494561279549088794738054276	1148.07783042945197848894167691469193
153.86461688670971170722623355686665	64.82636336130485688045155256986618
554.17681274089829912554705515503883	680.09006485875443104305304586887360
238.42589968935871524990943726152182	251.70371517018762119732855353504419
640.28906995131899293483002111315727	30.66723255972056705331851844675839
1382.32372382675316657696384936571121	1064.88798727175799285760149359703064
323.31782768854327514418400824069977	1259.12004285340071874088607728481293
425.56992027073965800809673964977264	366.01304671213455321776564233005047
617.47882328444177346682408824563026	302.61339795266991359312669374048710
538.02962493334541704825824126601219	159.05145674111707876363652758300304
38.84921208610137455252697691321373	1360.23959626403984657372348010540009
819.94537901743808561150217428803444	1880.47801524677129236806649714708328
982.90242130795206776383565738797188	783.97979873847634735284373164176941
870.21832386059861619287403300404549	1193.28688937245919987617526203393936
180.85488444564393262226076330989599	1064.80276810757618477509822696447372
790.52123642031233430316206067800522	485.03719215778147599849035032093525
845.40874166071841955272248014807701	983.27008274293075373861938714981079
1013.67886895249739609425887465476990	370.91046796146838460117578506469727
822.22696692519184580305591225624084	684.00841256411138147086603567004204
802.34612770570618067722534760832787	668.31157627845880142558598890900612
1301.94827187998271256219595670700073	35.77357879559718867312767542898655
243.02642505198977573854790534824133	968.92221392074281993700424209237099
874.21252869031297905166866257786751	507.57413789622438571313978172838688
1045.53845068491727943182922899723053	425.90773358666928061211365275084972
738.20102514019458794791717082262039	892.21865364001735088095301762223244
224.24613964893015349844063166528940	643.32557419949978338991058990359306
187.26886633665878889587474986910820	995.75908427097829189733602106571198
302.75929950333994611355592496693134	400.67023141699394273018697276711464
580.26015175221527897519990801811218	1208.49413463804353341402020305395126
827.61286182273761369287967681884766	1016.51744114723874190531205385923386
1250.04690672240349158528260886669159	74.12168132488966421078657731413841
18.12073809372338573098204506095499	442.37368689865076021305867470800877
565.09009706141841888893395662307739	447.80701607522780705039622262120247
1018.92823526401241451821988448500633	967.62053451869223863468505442142487
1443.11874802174907017615623772144318	270.25692842573823782004183158278465
105.85966736766252438428637105971575	594.33515876043622938595945015549660
906.70987029032608006673399358987808	808.43674517768181431165430694818497
1588.18357897204600703844334930181503	500.25119320628812147333519533276558
6.75782081091619701851413992699236	329.47529231655170178783009760081768
197.87859576922403448406839743256569	985.75960976954866055166348814964294
908.50533370001289767969865351915359	606.61124872163213694875594228506088
1344.05753395411989004060160368680954	245.89151618578588909258542116731405
382.16772630456375736685004085302353	310.29400960969661582566914148628712
204.28022764414134826438385061919689	556.00071636954032783251022920012474
1921.42168282413649649242870509624481	707.60253076689559748047031462192535
495.52135169463412012191838584840298	703.18820959935794689954491332173347
155.82032577987925492379872594028711	140.31818724877916793047916144132614
946.80153128347387792018707841634750	172.39967917017793297418393194675446
335.12949135774084652439341880381107	92.47410227806008720108366105705500
158.95048190893010087165748700499535	248.03303417544449871456890832632780
361.97538343768883351003751158714294	567.20409951032752360333688557147980
272.31707368043805672641610726714134	529.47749851774517537705833092331886
875.59555922183551501802867278456688	70.93399279170034787966869771480560
876.71485779650618042069254443049431	15.79262873006767975425646000076085
350.63645724836965200665872544050217	595.77070636760072375182062387466431
1041.66792644770407605392392724752426	598.13416735942564628203399479389191
781.70742250269040596322156488895416	1143.10522801556476224504876881837845
454.87465098954476161452475935220718	589.72798011895099534740438684821129
1070.89540407875938399229198694229126	296.94961376109858974814414978027344
1252.78675727598374578519724309444427	857.14853502090124948153970763087273
432.53598771996280447638127952814102	1053.64261055382917220413219183683395
503.12524216148284494920517317950726	347.73270823823776254357653670012951
533.19792454495711808704072609543800	143.37697424394687573112605605274439
726.05436383893083984730765223503113	416.45566664505048493083450011909008
47.42656215523587803772898041643202	619.62000459599119039921788498759270
1213.22341015062897895404603332281113	273.94366974694298733083996921777725
297.66365063981356797739863395690918	414.32666869210777349508134648203850
1128.02078268705258778936695307493210	48.81661897836874430822717840783298
273.98056495190479608936584554612637	1207.56249807416293151618447154760361
799.52346553113591198780341073870659	729.81074742871760463458485901355743
1292.18894011624365703028161078691483	524.47728329760241194890113547444344
1361.94331597330483418772928416728973	966.35841947132894347305409610271454
1531.54866097540866576309781521558762	600.82679907788633499876596033573151
474.09725838095863537091645412147045	676.40343938109288046689471229910851
391.95396171865314727256190963089466	936.75385390255792117386590689420700
1166.62488041662027171696536242961884	1882.17520496466522672562859952449799
689.68027590117230829491745680570602	181.11135248851491041932604275643826
2726.00416105433714619721285998821259	1338.85276101037788976100273430347443
1563.97987167737960589875001460313797	1926.09583452069637132808566093444824
899.43190291096652799751609563827515	533.13745622757130604441044852137566
1410.63664513246772003185469657182693	589.40384901043455556646222248673439
970.27201621630069894308689981698990	714.49234800575902681885054334998131
504.01255744675910364094306714832783	547.66868364428660242992918938398361
143.45666787714304746259585954248905	493.42216578371193236307590268552303
871.17114634991378352424362674355507	698.97258284746203571557998657226562
1593.69253565428630281530786305665970	668.23859206204951988183893263339996
935.16313878931009639927651733160019	660.04312185744868202164070680737495
257.40124534822035684555885381996632	1508.66735765536327562585938721895218
85.40451089513634030936373164877295	463.37854158578045371541520580649376
986.56964507587372281705029308795929	239.77890655972768740866740699857473
1083.49173519088299144641496241092682	334.93037687243224809208186343312263
312.01971436144026483816560357809067	388.68702311968593221536139026284218
1400.65307131104395921283867210149765	995.99726124393714599136728793382645
205.37120527755263310609734617173672	707.04564106260249900515191256999969
746.75526279641235305462032556533813	418.92538584858272088240482844412327
444.80230612730775874297250993549824	281.44348274928040609665913507342339
641.00119117710937644005753099918365	345.71064196055408501706551760435104
312.38469992014762510734726674854755	398.10904156980836887669283896684647
960.28457242573620078474050387740135	536.40008944057842654729029163718224
1260.68567904028759585344232618808746	437.56486281004157490315265022218227
439.26388086040515190688893198966980	371.89987047692733312942436896264553
542.31135971073558721400331705808640	700.60368553985369999281829223036766
701.86616994326118401659186929464340	243.72365036605560817406512796878815
427.64658408839221692687715403735638	359.49273262733271394608891569077969
670.62526814468117208889452740550041	755.15942914370839389448519796133041
705.61291501602534026460489258170128	87.83949898180541993042425019666553
771.55992416212825446564238518476486	569.82219419683519845420960336923599
679.53717095261731628852430731058121	192.74252868434888341653277166187763
885.82115000577255159441847354173660	685.24786991471205510606523603200912
324.12982321682181918731657788157463	650.07587225046938783634686842560768
1249.16802345879250424331985414028168	500.14050459757544331296230666339397
435.71490637117221922380849719047546	576.38274044012462127284379675984383
262.18708016543456551517010666429996	1236.05332903316480042121838778257370
1504.41530413740042604331392794847488	559.61730955480345528485486283898354
729.19098399845574931532610207796097	644.52802522003241847414756193757057
521.16258315301763559546088799834251	482.23411169369387607730459421873093
416.81919497383478301344439387321472	24.64670202405195453820851980708539
869.17533046125390683300793170928955	446.10174105181062031988403759896755
889.38910047455362928303657099604607	297.46103222397312038083327934145927
730.49532752684706338186515495181084	716.99114153020718731568194925785065
992.35533608276602990372339263558388	387.49512445045485264927265234291553
495.29345052484319467112072743475437	755.86046867312643371406011283397675
922.07774905896360451151849702000618	1098.54934618256334033503662794828415
1897.10438217924001946812495589256287	476.43266662669424249543226324021816
619.57523532424238510429859161376953	527.75418387664490182942245155572891
343.77706515309165524740819819271564	737.05731154097054513840703293681145
835.68290687782223358226474374532700	464.99168910242281071987235918641090
621.00274594122276994312414899468422	806.11574558189875006064539775252342
625.01311805835871382441837340593338	164.65495424035151472708093933761120
1426.71790364811158724478445947170258	1809.82635785742922962526790797710419
309.81221312927999633757281117141247	450.35711476682610054922406561672688
1914.04467272291435619990807026624680	927.21519878582671481126453727483749
561.03291557566626579500734806060791	476.10540454051846381844370625913143
368.36715172731243228554376401007175	844.86059052507380329188890755176544
1014.27314488695674299378879368305206	833.56227573646958717290544882416725
581.90523967881290445802733302116394	286.30466828312569305126089602708817
561.83312688692467418150044977664948	1386.10009284031571041850838810205460
898.53971112169449497741879895329475	635.15030739859798813995439559221268
817.45436843269976634474005550146103	941.23856726547410289640538394451141
1458.40970401002641665400005877017975	680.06527067157628607674269005656242
1624.75451409103129662980791181325912	555.12078287648046170943416655063629
257.17423108158823197300080209970474	436.04546653533998323837295174598694
525.48618314833254316909005865454674	176.91738642091559086111374199390411
695.12899939925262060569366440176964	584.94670264728802067111246287822723
953.58855814007358731032581999897957	790.71299027850193397171096876263618
902.07389710454947362450184300541878	414.95100642032900850608712062239647
833.58323952504031240096082910895348	290.27573430300145673754741437733173
2017.89476251176438381662592291831970	4.45280376275401135188758416916244
169.26856336179218942561419680714607	54.20528312582456464951974339783192
735.92152390711601128714391961693764	579.19703462853385644848458468914032
433.23761996326004464208381250500679	732.05439765097401050297776237130165
797.51441922046876698004780337214470	530.24265013912622634961735457181931
154.94253726473934307250601705163717	118.89555886790584793288871878758073
913.91850393847118994017364457249641	259.51531902628289572021458297967911
238.05218134779207161955127958208323	783.65787036443680335651151835918427
1023.87569973245797427807701751589775	70.84355193386008409106580074876547
958.94764424627464904915541410446167	596.28538022058717160689411684870720
393.59182152297904622173518873751163	1018.87286195553986090089892968535423
952.39267255329139061359455808997154	974.37408394076066997513407841324806
909.59484027482608325954061001539230	742.08311999770580769109074026346207
193.64325951125312030853820033371449	364.70649122191809965443098917603493
141.06007586031151390670856926590204	13.88941155267799665296024613780901
977.30864862689475103252334520220757	527.48495785777140554273501038551331
279.85467259703511899715522304177284	382.77708469410958969092462211847305
845.77314325965483021718682721257210	321.33178170629304304384277202188969
655.52646096479645621002418920397758	157.38811013155364548765646759420633
1014.94410323503109339071670547127724	925.18870649499820046912645921111107
492.52165591612362050000228919088840	39.92768823416439971651925588957965
390.97663923938080188236199319362640	580.67962446697583800414577126502991
864.22092074277270512538962066173553	771.30843759338313248008489608764648
441.15748601507704051982727833092213	670.08115168636231828713789582252502
479.96247480626755077537382021546364	422.84862358305298357663559727370739
1432.39263190222027333220466971397400	436.76624813591502061171922832727432
918.55930271243562401650706306099892	458.06771932531790980647201649844646
848.38641268913693238573614507913589	1154.10679777973336967988871037960052
1608.85053301667880987224634736776352	1020.30691635356060942285694181919098
828.87925661238136854080948978662491	734.76552308053214801475405693054199
232.46152902684954710821330081671476	368.26253628118911365163512527942657
961.51002854585419754585018381476402	229.14135259472260486290906555950642
848.45978583127157435228582471609116	257.49681115099946282498422078788280
761.49646275698944464238593354821205	1097.17164743976150020898785442113876
698.16315633445049115834990516304970	1098.22668749836725510249380022287369
582.93782354121537991886725649237633	228.54922052978614033236226532608271
1244.38150068999243558209855109453201	147.86407347460811934070079587399960
626.60989290355348657612921670079231	794.25422141347212345863226801156998
740.25582264212550853699212893843651	199.99492347090924226904462557286024
912.59520326489246144774369895458221	248.43895328864621774300758261233568
1806.26634952143399459600914269685745	1541.20765101013012099429033696651459
222.42260839074967293527151923626661	715.09972409251315639266977086663246
900.52517882612789890117710456252098	228.39635063818212756814318709075451
528.92621445562724602496018633246422	727.43535555451921936764847487211227
854.25631589240811081253923475742340	681.64588108583166103926487267017365
532.88524459049972392676863819360733	816.36840512556830162793630734086037
1520.56882930201868475705850869417191	659.52328830428325545653933659195900
348.24743036797548256799927912652493	368.93676342904086595808621495962143
915.50161682771886262344196438789368	611.61197913197611342184245586395264
254.44871892254661815968574956059456	230.52675745581677801965270191431046
442.46097007703508552367566153407097	266.11485646741272148574353195726871
322.30427390689317235228372737765312	1214.86704541589915606891736388206482
666.28142924650887835014145821332932	536.30051613046225611469708383083344
229.33971217725749625060416292399168	957.36145407593630807241424918174744
259.40301125102604373751091770827770	1001.89688563751371930266031995415688
572.91396900567747252353001385927200	2.10093803176242932551076592062600
349.66515401074673263792647048830986	376.12370593461946555180475115776062
473.01061983058639270893763750791550	564.60525769081414182437583804130554
871.24561250590465988352661952376366	1012.77105157139737912075361236929893
332.82654410694749458343721926212311	115.37346380132595413670060224831104
439.18071478641803651044028811156750	1089.58665340425250178668648004531860
1269.38369378011657317983917891979218	1179.00754294024159207765478640794754
1130.88797212772374223277438431978226	670.89299396749322568211937323212624
27.53169955698963278223345696460456	1105.16294508455871437035966664552689
682.12103012683246561209671199321747	768.50436029682293792575364932417870
452.89665604214098948432365432381630	844.76375899606580333056626841425896
398.10264798548729459071182645857334	1489.31463042935411067446693778038025
410.90548027547993115149438381195068	25.07137139988696361569964210502803
528.12326749500675759918522089719772	335.77014844180843056165031157433987
1398.73523376800540063413791358470917	1252.75525811119268837501294910907745
305.03314401657155485736439004540443	332.79637790733858082603546790778637
197.92885286691691248961433302611113	237.46767136512428919559170026332140
908.16252485048153175739571452140808	528.84363445554447480390081182122231
940.42311368420484996022423729300499	571.85692500622326406300999224185944
702.52997265163105566898593679070473	530.28443031556003006699029356241226
1009.36366993773322064953390508890152	322.84365464221389174781506881117821
463.18905930434834772313479334115982	665.00482350065465197985759004950523
903.33501796089740309980697929859161	1226.25104406500599907303694635629654
1193.45937440395664452807977795600891	330.65128712090466933659627102315426
1468.32283488213965938484761863946915	677.25368629320610125432722270488739
560.45296413210144237382337450981140	1679.35661367210877870093099772930145
487.20148270013442015624605119228363	625.63761072885176872659940272569656
1483.59513401694948697695508599281311	792.88281073057635239820228889584541
882.22693224111094423278700560331345	1121.55740896715315102483145892620087
548.25988849003658742731204256415367	1096.24005222414530180685687810182571
769.54946414170353818917647004127502	1241.83283535133728037180844694375992
850.83514552557846855052048340439796	571.85463722359224902902496978640556
811.97188356103299611277179792523384	1143.17942363556971940852236002683640
1829.80816687325864222657401114702225	293.84099220843353350574034266173840
14.75817541089751294691723160212860	711.72928373920763078785967081785202
570.99635693324171370477415621280670	363.89429789254370462003862485289574
565.10727004499312897678464651107788	337.04665889758234698092564940452576
343.81387951732551755412714555859566	530.42527033171245420817285776138306
876.20114797639791959227295592427254	549.11612248549351988913258537650108
519.74091695511765465198550373315811	805.92368919383920911059249192476273
164.84573511705463033649721182882786	693.47762195793052342196460813283920
13.93720281318501186262892588274553	161.20318892859214088275621179491282
1228.47404973550283102667890489101410	1448.20599914183117107313591986894608
1646.75696672532967568258754909038544	1102.61676458929855471069458872079849
1603.71984670289748464711010456085205	340.96713994074536913103656843304634
835.33586416587968415115028619766235	98.41509287991982546373037621378899
744.58910632283254926733206957578659	251.44475368327016440161969512701035
202.44722994863843723578611388802528	209.66482060363449591022799722850323
424.44515377214446516518364660441875	30.60024019346017354337163851596415
779.89211485154783076723106205463409	1033.80603455927507638989482074975967
1390.78801438009941193740814924240112	1052.08336059480279800482094287872314
466.27763671546892965125152841210365	104.31373894507714794599451124668121
1091.25656931862658893805928528308868	624.54128968826364598498912528157234
530.51623477454540989128872752189636	241.13197962699462095770286396145821
461.52559049176994676599861122667789	195.53089364800732141702610533684492
118.95958742866493196288502076640725	529.54080308461766435357276350259781
756.52994591658739409467671066522598	1346.95503203905127520556561648845673
2363.36085192328664561500772833824158	90.15333776890679473581258207559586
510.40018793728302171075483784079552	574.35971146703343492845306172966957
1264.93688686145878818933852016925812	1774.10000419209882238646969199180603
630.32621894696410436154110357165337	331.31785804624053071165690198540688
196.46492846663738873758120462298393	1158.02166929429358788183890283107758
854.93137156036971191497286781668663	652.36037774527937926904996857047081
1215.57570216844123933697119355201721	219.04377615780074961548962164670229
1033.30102172282295214245095849037170	1132.85409287205379769147839397192001
667.98533279763546488538850098848343	292.27452225810475283651612699031830
991.96651416370491460838820785284042	778.82334586867102643736870959401131
1716.89565148747078637825325131416321	135.11313236194510523091594222933054
330.00694389269642670114990323781967	476.32025223467201158200623467564583
428.04162717967528806184418499469757	715.04028571149160597997251898050308
764.96329759184811791783431544899940	655.56094642516018211608752608299255
2281.50889911031163137522526085376740	969.71838528364219200739171355962753
1461.33546264175151918607298284769058	705.54982443524761492881225422024727
753.34002508136507003655424341559410	232.24296022787640936257957946509123
516.05202151277637767634587362408638	322.90783761440934540587477385997772
365.81637553902226045465795323252678	370.18141755313752128131454810500145
1100.77891726274174288846552371978760	678.29390003186301782989175990223885
613.04950399252982151665491983294487	1050.34572814989837752364110201597214
685.08461676826357233949238434433937	163.50716000724966647794644813984632
91.60611821039874769212474348023534	818.88865503398290002223802730441093
933.76508341206510976917343214154243	97.88299160787312303000362589955330
820.43298505643360840622335672378540	984.68502401626744813256664201617241
1123.47211834023528354009613394737244	938.58055136914060767594492062926292
431.31587476153924853861099109053612	858.84024298218889725831104442477226
93.31255549469362620129686547443271	163.31610082495771507637982722371817
48.16608956146671971509931609034538	1027.07208113889578271482605487108231
298.93906568920147037715651094913483	673.15317124034697826573392376303673
1206.25876261434427760832477360963821	640.84606345071654232015134766697884
1381.87328262373080178804229944944382	790.12922774188393759686732664704323
285.60902767730925688738352619111538	319.56019531922152054903563112020493
127.86860400864890152661246247589588	744.00255808007602809084346517920494
236.56040731998436399408092256635427	242.63908836244755207189882639795542
616.27355608074606152513297274708748	886.04797222588865679426817223429680
1452.18155536495555679721292108297348	471.06099307794301012108917348086834
815.61695172640065720770508050918579	237.16268624652545327080588322132826
20.25379631712781147712121310178190	274.13454725379551746300421655178070
1166.55118485231400882184971123933792	424.21843823393010097788646817207336
582.47158100138688041624845936894417	266.78544307109024202873115427792072
1655.35903061680278369749430567026138	561.91560743533659660897683352231979
436.93025239518408397998427972197533	599.60682434749628555437084287405014
