-0.220443183963365        -0.953706629534561         0.204568979627708
 0.10946331612066        -0.232592289340809        -0.966394644730127
 0.969238146725541        -0.190642313563985         0.155669275102728
 0.729731861473931        -0.940134923399116        -0.259286949595923
 919.039641585533          919.297343014566          627.820129802903     354.37377177285
5    
-1.55791721841574         -2.06664782021846       -0.0725986654785157
-0.347309262920928         -1.69506465741547          0.91938605903626
-0.0904323120349482         -2.64114578749155        -0.486149992299595
-0.0117662959486922         -1.99953906880309        -0.888015311349595
-0.424195699296783         -1.46944867593175          1.20642031613296
1134.74593735745          1033.56743379674
1585.47675224982          107.316981108815
623.374546774595          292.960526618517
419.563345604691          177.677112041218
1961.9444396334          45.6193333689713
