0.48153330845438724328033686106210	-0.87611721549590670932161629025359	0.02333018561158056725091114458337
0.30706817969018440628303778794361	0.14371952248158714748882403000607	-0.94077299699737371163621446612524
0.82087441540757510871628710447112	0.46017749137627705913189402053831	0.33823345570760438016932880600507
-0.94035949847778255161756533198059	0.35798881640236906997998289625684	-0.79879678970263079396119110242580
919.03964158553264951478922739624977	919.29734301456619505188427865505219	627.82012980290346604306250810623169	354.37377177285043217125348746776581
50
-0.29076496239622279249559255731583	-2.01941972499963329212846474547405	1.54318686988904874013428525358904
1.44930777784100373040132581081707	-1.71885695845480501731117328745313	1.59019265120563102478001837880583
0.90636465169738977820657055417541	-0.92932959392995595493403016007505	3.42792224530119193914856623450760
0.12787715556189860333091701249941	-1.84492933680794357620413848053431	1.29990717821089774020038021262735
0.12403612742409837743640110829801	-1.87002253671362561604496477229986	0.87135874430456894401686440687627
1.45635489876526236230347421951592	-1.52459771420517720130760608299170	1.90208190243457941903670871397480
0.32479629907654788967263925769657	-1.72062721274741292631915712263435	1.29242043888280666585899325582432
0.14201174640906358281888799410808	-1.63475332835977038570263175643049	0.89444740174789139075528510147706
0.15559278350526115075602717752190	-2.10956476070680754020258973469026	0.81414874587550689621906485626823
-0.14549788437190891432493344836985	-1.89556367672463843554453433171147	1.09702578660124849818657821742818
-0.02565650628415388004310848657497	-2.42666888126466862019015024998225	1.05599911030910909026658828224754
0.24852545155521596487169233569148	-1.23749785870467898796221106749726	1.94795478362362617374969886441249
0.55350960891314093803572404794977	-1.98934618685120812031641435169149	0.66964812421633646000174167056684
0.47297828801453922764608250872698	-1.65728958936745129904011264443398	2.47250322983695580703056293714326
0.13918082463926478853366575094697	-1.58773802299190114339921819919255	1.01989084260766516010221494070720
0.89203399216933776383342546978383	-2.18352609569414868317949185438920	0.61698593767747411664714718426694
-0.09429360713270816540809704520143	-2.15163821888273165683358456590213	2.26818879786550597899008607782889
0.62320603748829650481155795205268	-1.77937155389145651440685469424352	1.28671643753417286326623525383184
-0.87962709609785627584699341241503	-2.88733075731108890238374442560598	0.99036519704797298935261551378062
-0.92548840648592378688164217237500	-1.47511174954786561386299581499770	1.77211485849159888772419435554184
-0.17007548276607090120826626389317	-2.39731468623306520626670135243330	1.34441580683829631226444689673372
-1.59771389082833170647290899069048	-1.64549722877024384715127780509647	1.88313260718922426129040559317218
0.41406430982233199955544478143565	-2.00313230449409029887419819715433	0.90715844568196324360087601235136
0.47738098239626591823281387405586	-1.85462148713127938925993021257455	0.88691682082876299730855862435419
-1.90653644365285424022715687897289	-1.02456800745154619214360991463764	3.52766487052024890758161745907273
-1.61335011143253170828870679542888	-1.29734765232094351183889102685498	1.85185552583531243264758359146072
-0.13714693554004409037361256196164	-2.65392769484250301559313811594620	1.79934781212249395032642951264279
0.32999101247697915084700071020052	-1.59854568308506950202740881650243	1.62238853100954050212578749778913
0.28744204068311518529554859924247	-1.57382533105873068102198431006400	1.20666265079295764728328776982380
0.30598054584479622564074929869093	-3.13663807894550306087921853759326	1.30398547769414996366776904324070
0.61796959096097359154242667500512	-3.42126932832844099507951796113048	0.29244752822409525450098044530023
0.92054094455561519261266312241787	-2.54358542138732568460568472801242	0.80903267684733848330580485708197
0.22886242630010844578691830975004	-1.49492897205938257698676352447364	1.83599241751449504533866274869069
0.44595100332075399141018579030060	-2.62334348474971967846158804604784	2.17257747676479118226211539877113
0.14012524799135650521719753669458	-2.18271393747902830995144540793262	0.76601951835366188792164621190750
0.33296291242474029825615389199811	-1.19409806983799637869481102825375	2.13596580736206975714708278246690
-1.07254261993486665893726694775978	-1.44702675322973028926298866281286	1.95211847552268569216948890243657
0.27609899368313495227056364456075	-1.40245161131333628823369963356527	1.81577048464328116850197147869039
0.72657161356203625590666206335300	-1.54349314873647069923379149258835	1.20892939423704270929249560140306
-0.07013911914352270737804673217397	-1.59771634753891333957653841935098	1.33506758757926058400755664479220
1.09116800623232945710583408072125	-1.18777551655913082839788330602460	2.57243637406535974321286630583927
0.29969797158275240933633654094592	-1.88950168522072337040640377381351	0.93310727763063661122089342825348
0.85391935317572231767258017498534	-3.24723197360325732674368737207260	1.64573199613754872494553183059907
0.81836276036704225234075238404330	-1.46661634860808565150591675774194	1.19575786193820632341555665334454
0.12452877164634315598767955179937	-2.20219818000393052770391477679368	1.01152887441491334818977065879153
0.73506451216259183212287098285742	-1.42784217353958009510961346677504	2.72506460581463150205649981216993
0.01563470893750018922419009470559	-1.41254547059748580828397734876489	2.18828633933051230897604000347201
0.69605197966270127007959445109009	-1.60200567878293309576065439614467	1.32130525340868953954043263365747
-0.29038154125820120343703933940560	-1.43276490315667115460485092626186	1.38359992633757733493382602318889
-0.44264686426722016365786771530111	-1.48799266635196003605301484640222	1.60491909269271859628247511864174
381.19348093076843042581458576023579	941.74548640549005540378857403993607
981.61798781972663618944352492690086	71.93141694472525671244511613622308
2109.17918078112234070431441068649292	1091.96115369888912027818150818347931
375.83478959264965624242904596030712	740.20634834610621055617230013012886
87.55229698957573702955414773896337	633.16886352631274803570704534649849
1225.75621371237480161653365939855576	171.07289151135114479984622448682785
445.12683619987097927150898613035679	660.32464792538337405858328565955162
65.19199578349986268221982754766941	715.26285705204179521388141438364983
97.72406239172195796527375932782888	538.34191390776436492160428315401077
157.49934042327529937210783828049898	842.42885075228866753604961559176445
212.90494733784916547847387846559286	612.90157243840826595260296016931534
983.22701306874432702898047864437103	1120.82308964996354916365817189216614
113.01979737128256431333284126594663	281.01887612635312052589142695069313
1089.78770752749301209405530244112015	836.54241626740304127451963722705841
166.42848350418935865491221193224192	774.92406059430140885524451732635498
210.14707610504328272327256854623556	73.65709129198890536827093455940485
727.29438069954574075381970033049583	897.13407773119763533031800761818886
537.35408535908948124415474012494087	457.32240238047592129078111611306667
35.88578297672808758989049238152802	836.03052892361256454023532569408417
325.11742285147113307175459340214729	1750.80546750335906835971400141716003
312.30122146111614256369648501276970	730.86860679205881297093583270907402
171.89538309749181621555180754512548	1981.73104928271050084731541574001312
227.08278925965001349140948150306940	436.18463722237828505967627279460430
224.31479211262222861478221602737904	413.85697221151434632702148519456387
1133.40130499948531905829440802335739	2806.54494396492646046681329607963562
86.20573636176322906976565718650818	2571.75287343780200899345800280570984
490.44439189882513119300710968673229	723.45172097250861042994074523448944
671.13564066461447055189637467265129	781.20373859628489299211651086807251
380.85031598721377577021485194563866	719.22860212327043427649186924099922
385.43928308640778368499013595283031	438.93460455966049948983709327876568
100.56529322331314801886037457734346	158.20620801057830817626381758600473
329.12278880222038424108177423477173	139.40863049926414873880275990813971
790.12865792500974748691078275442123	941.08361707979622678976738825440407
723.83777257712245045695453882217407	579.02935598357271373970434069633484
73.90142033775948959828383522108197	520.43405951146894494740990921854973
1156.40076919654188714048359543085098	1119.21828193860346800647675991058350
398.61862342113226986839435994625092	1880.18370358961533383990172296762466
831.13742248552807723172008991241455	958.63449485615603862243006005883217
566.44232003831041311059379950165749	402.01033824631099378166254609823227
334.15063298798997948324540629982948	994.87930379344015818787738680839539
1636.04234513631172376335598528385162	668.63858774995037492772098630666733
196.83826708356232870755775365978479	533.27142907910626945522380992770195
570.92877914875225542346015572547913	322.08062123065218429474043659865856
614.02782373379636737809050828218460	336.51538128008849071193253621459007
215.28772663139409360155696049332619	580.43030153397262438375037163496017
1378.80199281988325310521759092807770	827.11333003900074345438042655587196
938.64749403960581730643752962350845	1185.16858752799657850118819624185562
618.02422900154977014608448371291161	453.21982998062469505384797230362892
278.16392983310203135260962881147861	1303.57760900525386205117683857679367
390.28302148894863421446643769741058	1384.70641370098678635258693248033524
